{"cells":[{"cell_type":"code","execution_count":138,"metadata":{"id":"-Odto3OYKLVm","executionInfo":{"status":"ok","timestamp":1727963848699,"user_tz":-330,"elapsed":616,"user":{"displayName":"Dnyanesh Shinde","userId":"08078648546327716757"}}},"outputs":[],"source":["# import libraries\n","import numpy as np\n","import math\n","import matplotlib.pyplot as plt\n"]},{"cell_type":"markdown","metadata":{"id":"HOf-fH1xFuC4"},"source":["***Programming Problems***"]},{"cell_type":"code","execution_count":139,"metadata":{"collapsed":true,"id":"xq9pGLeMwaiy","executionInfo":{"status":"ok","timestamp":1727963850155,"user_tz":-330,"elapsed":920,"user":{"displayName":"Dnyanesh Shinde","userId":"08078648546327716757"}}},"outputs":[],"source":["# question 1\n","\n","# NOTE: Matrices and Vectors used in python functinos are 0-indexed not 1-indexed\n","\n","# we need to make a function to solve tridiagonal system by crout's method\n","# NOTE: Because the system is tridiagonal, we can get away with less number of computations as every column is required to eliminate the value in the next\n","#       column only.\n","\n","def crouts_method(a,b):\n","\n","  # inputs:\n","  # a = coefficient matrix (interactions matrix)\n","  # b = stimulus vector\n","\n","  # output:\n","  # x = response vector\n","\n","  # in crout's decomposition we decompose the coefficient matrix into L and U matrices where L is lower triangular matrix\n","  # and U is upper triangular matrix with diagonal entries one\n","  # to save storage space, we store entries both of them in the same matrix.\n","\n","  # dimension of the square matrix\n","  n = len(a)\n","\n","  print(f\"The Crout's Decomposition Algorithm starts....\\n\\n\")\n","  # Elimination Step\n","  print(f\"Elimination step...\\n\\n\")\n","  for j in range(n-1):\n","    if(j<n):\n","      print(f\"a[{j}][{j+1}] is coverted from {a[j][j+1]} to {a[j][j+1] / a[j][j]}\")\n","      a[j][j+1] = a[j][j+1] / a[j][j]\n","      print(f\"a[{j+1}][{j+1}] is converted from {a[j+1][j+1]} to {a[j+1][j+1] - a[j+1][j]*a[j][j+1]}\")\n","      a[j+1][j+1] -= a[j+1][j]*a[j][j+1]\n","\n","    print(f\"After {j+1} iteration:\\n\")\n","    print(f\"{a}\\n\\n\")\n","\n","  # Forward Substitution Step\n","  print(f\"Forward substitution to determine the d, such that Ld = b\\n\")\n","  d = []\n","  d.append(b[0][0]/a[0][0])\n","  for j in range(1,n):\n","    d.append((b[j][0] - d[-1] * a[j][j-1])/a[j][j])\n","\n","  d = np.array(d).reshape((n,1))\n","  print(f\"The intermediate response matrix d is:\\n{d}\")\n","\n","  # Backward Substituition Step\n","  print(f\"\\nBackward Substitution to determine x, such that Ux = d\\n\")\n","  x = []\n","  x.append(d[n-1][0])\n","  for j in range(1,n):\n","    x.append(d[n-j-1][0]-x[-1]*a[n-j-1][n-j])\n","\n","  x.reverse()\n","  x = np.array(x).reshape((n,1))\n","\n","  print(f'The final response vector is:\\n{x}')\n","\n","  return x"]},{"cell_type":"code","execution_count":140,"metadata":{"collapsed":true,"id":"JrAwqA4S73A8","colab":{"base_uri":"https://localhost:8080/"},"executionInfo":{"status":"ok","timestamp":1727963850155,"user_tz":-330,"elapsed":36,"user":{"displayName":"Dnyanesh Shinde","userId":"08078648546327716757"}},"outputId":"f6406f27-f42a-4d1a-d666-ff2677c5bff0"},"outputs":[{"output_type":"stream","name":"stdout","text":["The coefficient matrix A is:\n","[[ 6.  2.  0.  0.  0.]\n"," [-1.  7.  2.  0.  0.]\n"," [ 0. -2.  8.  2.  0.]\n"," [ 0.  0.  3.  7. -2.]\n"," [ 0.  0.  0.  3.  5.]]\n","\n","The stimulus vector b is:\n","[[27.]\n"," [-3.]\n"," [ 4.]\n"," [-3.]\n"," [ 1.]]\n"]}],"source":["# array initialization\n","a = [[6,2,0,0,0],[-1,7,2,0,0],[0,-2,8,2,0],[0,0,3,7,-2],[0,0,0,3,5]]\n","#a = [[1,2,0],[1,3,2],[0,1,3]]\n","A = np.array(a,dtype=np.float128)\n","print(f\"The coefficient matrix A is:\\n{A}\\n\")\n","\n","b = np.array([27,-3,4,-3,1],dtype = np.float128).reshape(5,1)\n","#b = np.array([5,13,11]).reshape(3,1)\n","print(f\"The stimulus vector b is:\\n{b}\")"]},{"cell_type":"code","execution_count":141,"metadata":{"collapsed":true,"id":"WhVyibHvB2OA","colab":{"base_uri":"https://localhost:8080/"},"executionInfo":{"status":"ok","timestamp":1727963850155,"user_tz":-330,"elapsed":33,"user":{"displayName":"Dnyanesh Shinde","userId":"08078648546327716757"}},"outputId":"a04a6f2f-12e7-4c32-f09c-c6c89607b51a"},"outputs":[{"output_type":"stream","name":"stdout","text":["The Crout's Decomposition Algorithm starts....\n","\n","\n","Elimination step...\n","\n","\n","a[0][1] is coverted from 2.0 to 0.3333333333333333\n","a[1][1] is converted from 7.0 to 7.333333333333333\n","After 1 iteration:\n","\n","[[ 6.          0.33333333  0.          0.          0.        ]\n"," [-1.          7.33333333  2.          0.          0.        ]\n"," [ 0.         -2.          8.          2.          0.        ]\n"," [ 0.          0.          3.          7.         -2.        ]\n"," [ 0.          0.          0.          3.          5.        ]]\n","\n","\n","a[1][2] is coverted from 2.0 to 0.2727272727272727\n","a[2][2] is converted from 8.0 to 8.545454545454545\n","After 2 iteration:\n","\n","[[ 6.          0.33333333  0.          0.          0.        ]\n"," [-1.          7.33333333  0.27272727  0.          0.        ]\n"," [ 0.         -2.          8.54545455  2.          0.        ]\n"," [ 0.          0.          3.          7.         -2.        ]\n"," [ 0.          0.          0.          3.          5.        ]]\n","\n","\n","a[2][3] is coverted from 2.0 to 0.23404255319148937\n","a[3][3] is converted from 7.0 to 6.297872340425532\n","After 3 iteration:\n","\n","[[ 6.          0.33333333  0.          0.          0.        ]\n"," [-1.          7.33333333  0.27272727  0.          0.        ]\n"," [ 0.         -2.          8.54545455  0.23404255  0.        ]\n"," [ 0.          0.          3.          6.29787234 -2.        ]\n"," [ 0.          0.          0.          3.          5.        ]]\n","\n","\n","a[3][4] is coverted from -2.0 to -0.31756756756756754\n","a[4][4] is converted from 5.0 to 5.952702702702703\n","After 4 iteration:\n","\n","[[ 6.          0.33333333  0.          0.          0.        ]\n"," [-1.          7.33333333  0.27272727  0.          0.        ]\n"," [ 0.         -2.          8.54545455  0.23404255  0.        ]\n"," [ 0.          0.          3.          6.29787234 -0.31756757]\n"," [ 0.          0.          0.          3.          5.9527027 ]]\n","\n","\n","Forward substitution to determine the d, such that Ld = b\n","\n","The intermediate response matrix d is:\n","[[ 4.5       ]\n"," [ 0.20454545]\n"," [ 0.51595745]\n"," [-0.72212838]\n"," [ 0.53192395]]\n","\n","Backward Substitution to determine x, such that Ux = d\n","\n","The final response vector is:\n","[[ 4.49049376]\n"," [ 0.02851873]\n"," [ 0.64543133]\n"," [-0.55320658]\n"," [ 0.53192395]]\n"]}],"source":["# crout's method function call\n","x = crouts_method(A,b)"]},{"cell_type":"code","execution_count":142,"metadata":{"collapsed":true,"id":"9KK0IVkOygtj","colab":{"base_uri":"https://localhost:8080/"},"executionInfo":{"status":"ok","timestamp":1727963850155,"user_tz":-330,"elapsed":30,"user":{"displayName":"Dnyanesh Shinde","userId":"08078648546327716757"}},"outputId":"72dbe82a-cb64-43fc-ffda-819b54a3ec0c"},"outputs":[{"output_type":"stream","name":"stdout","text":["The response vector x should be (from multiplying inverse of coefficient matrix on either side of the equation)\n","[[ 4.49049376]\n"," [ 0.02851873]\n"," [ 0.64543133]\n"," [-0.55320658]\n"," [ 0.53192395]]\n"]}],"source":["# we can cross check our answer from obtained from Crout's Method by multiplying the the inverse of coefficient matrix on both sides of , Ax = b to get, x = A⁻¹ b\n","\n","Z = np.array(a).reshape((len(a),-1))\n","print(f'The response vector x should be (from multiplying inverse of coefficient matrix on either side of the equation)')\n","print(np.linalg.inv(Z)@b)\n"]},{"cell_type":"markdown","metadata":{"id":"9d1lMTwFQK_3"},"source":["Indeed our answer obtained from crouts_method function to solve tridiagonal systems based on Crout's Decomposition Algorithm is correct!!"]},{"cell_type":"code","execution_count":143,"metadata":{"id":"0CqW_NPOygrt","executionInfo":{"status":"ok","timestamp":1727963850155,"user_tz":-330,"elapsed":27,"user":{"displayName":"Dnyanesh Shinde","userId":"08078648546327716757"}}},"outputs":[],"source":["# question 2\n","\n","# subpart a\n","\n","# we create a function, which specializes in solving equations of form, Ax = b, using Doolittle's Decomposition Algorithm\n","# where A = Hilbert matrix of order n\n","# bᵢ = Σ(from j= 1 to n)aᵢⱼ\n","\n","# NOTE: Matrices and Vectors used in python functions are 0-indexed and not 1-indexed\n","# NOTE: To save storage space the L and U parts of the matrix decomposition are stored in one matrix only\n","\n","def a_generator(n):\n","\n","  a = np.zeros((n,n))\n","\n","  for i in range(n):\n","    for j in range(n):\n","      a[i][j] = 1/(i+j+1)\n","  return a\n","\n","\n","def hilbert_matrix_solver(n,print_status):\n","\n","  # input:\n","  # n = order of hilbert matrix\n","  # print_status = argument to decide, whether to print the intermediate steps of solving\n","\n","  # output:\n","  # x = response vector, for the equation, Ax = b, where bᵢ = Σ(from j= 1 to n)aᵢⱼ\n","\n","  a = a_generator(n)\n","\n","  b = []\n","\n","  for i in range(n):\n","    sum = 0.0\n","    for j in range(n):\n","      sum += a[i][j]\n","    b.append(sum)\n","\n","  b = np.array(b).reshape((n,1))\n","\n","  if(print_status):\n","    print(f\"The Hilbert Matrix of order {n} is:\\n\\n{a}\\n\")\n","    print(f\"\\nThe Stimulus vector for the equation Ax = b is:\\n{b}\\n\")\n","\n","  # elimination step\n","  if(print_status):\n","    print(f\"Elimination Step...\")\n","  for i in range(n-1):\n","    for j in range(i+1,n):\n","      a[j][i] /= a[i][i]\n","\n","    for j in range(i+1,n):\n","      for k in range(i+1,n):\n","        a[j][k] -= a[j][i] * a[i][k]\n","\n","    if(print_status):\n","      print(f\"\\nAfter {i+1} iteration\\n\")\n","      print(a)\n","\n","  # forward substitution step\n","  if(print_status):\n","    print(f\"\\n\\nForward substitution to determine the d, such that Ld = b\\n\")\n","  d = []\n","  d.append(b[0][0])\n","  for i in range(1,n):\n","    sum = b[i][0]\n","    for j in range(i):\n","      sum -= a[i][j]*d[j]\n","    d.append(sum)\n","\n","  d = np.array(d).reshape((n,1))\n","  if(print_status):\n","    print(f\"The intermediate response matrix d is:\\n{d}\")\n","\n","  # backward substitution step\n","  if(print_status):\n","    print(f\"\\n\\nBackward substitution to determine the x, such that Ux = d\\n\")\n","  x = []\n","  x.append(d[n-1][0]/a[n-1][n-1])\n","  for i in range(1,n):\n","    sum = d[n-1-i][0]\n","    for j in range(i):\n","      sum -= a[n-1-i][n-1-j] * x[j]\n","    x.append(sum/a[n-1-i][n-1-i])\n","\n","  # reverse the list x as we found th xi in the order from n, n-1, n-2...\n","  x.reverse()\n","  x = np.array(x).reshape((n,1))\n","  if(print_status):\n","    print(f\"The final response matrix x is:\\n{x}\\n\\n\")\n","\n","  return x\n"]},{"cell_type":"code","execution_count":144,"metadata":{"collapsed":true,"id":"RAsu490GygpS","colab":{"base_uri":"https://localhost:8080/"},"executionInfo":{"status":"ok","timestamp":1727963850155,"user_tz":-330,"elapsed":26,"user":{"displayName":"Dnyanesh Shinde","userId":"08078648546327716757"}},"outputId":"592eabe5-108a-4ae1-9c9a-3a106702a3ac"},"outputs":[{"output_type":"stream","name":"stdout","text":["The Hilbert Matrix of order 9 is:\n","\n","[[1.         0.5        0.33333333 0.25       0.2        0.16666667\n","  0.14285714 0.125      0.11111111]\n"," [0.5        0.33333333 0.25       0.2        0.16666667 0.14285714\n","  0.125      0.11111111 0.1       ]\n"," [0.33333333 0.25       0.2        0.16666667 0.14285714 0.125\n","  0.11111111 0.1        0.09090909]\n"," [0.25       0.2        0.16666667 0.14285714 0.125      0.11111111\n","  0.1        0.09090909 0.08333333]\n"," [0.2        0.16666667 0.14285714 0.125      0.11111111 0.1\n","  0.09090909 0.08333333 0.07692308]\n"," [0.16666667 0.14285714 0.125      0.11111111 0.1        0.09090909\n","  0.08333333 0.07692308 0.07142857]\n"," [0.14285714 0.125      0.11111111 0.1        0.09090909 0.08333333\n","  0.07692308 0.07142857 0.06666667]\n"," [0.125      0.11111111 0.1        0.09090909 0.08333333 0.07692308\n","  0.07142857 0.06666667 0.0625    ]\n"," [0.11111111 0.1        0.09090909 0.08333333 0.07692308 0.07142857\n","  0.06666667 0.0625     0.05882353]]\n","\n","\n","The Stimulus vector for the equation Ax = b is:\n","[[2.82896825]\n"," [1.92896825]\n"," [1.51987734]\n"," [1.26987734]\n"," [1.09680042]\n"," [0.96822899]\n"," [0.86822899]\n"," [0.78787185]\n"," [0.72169538]]\n","\n","Elimination Step...\n","\n","After 1 iteration\n","\n","[[1.         0.5        0.33333333 0.25       0.2        0.16666667\n","  0.14285714 0.125      0.11111111]\n"," [0.5        0.08333333 0.08333333 0.075      0.06666667 0.05952381\n","  0.05357143 0.04861111 0.04444444]\n"," [0.33333333 0.08333333 0.08888889 0.08333333 0.07619048 0.06944444\n","  0.06349206 0.05833333 0.05387205]\n"," [0.25       0.075      0.08333333 0.08035714 0.075      0.06944444\n","  0.06428571 0.05965909 0.05555556]\n"," [0.2        0.06666667 0.07619048 0.075      0.07111111 0.06666667\n","  0.06233766 0.05833333 0.05470085]\n"," [0.16666667 0.05952381 0.06944444 0.06944444 0.06666667 0.06313131\n","  0.05952381 0.05608974 0.05291005]\n"," [0.14285714 0.05357143 0.06349206 0.06428571 0.06233766 0.05952381\n","  0.05651491 0.05357143 0.05079365]\n"," [0.125      0.04861111 0.05833333 0.05965909 0.05833333 0.05608974\n","  0.05357143 0.05104167 0.04861111]\n"," [0.11111111 0.04444444 0.05387205 0.05555556 0.05470085 0.05291005\n","  0.05079365 0.04861111 0.04647785]]\n","\n","After 2 iteration\n","\n","[[1.         0.5        0.33333333 0.25       0.2        0.16666667\n","  0.14285714 0.125      0.11111111]\n"," [0.5        0.08333333 0.08333333 0.075      0.06666667 0.05952381\n","  0.05357143 0.04861111 0.04444444]\n"," [0.33333333 1.         0.00555556 0.00833333 0.00952381 0.00992063\n","  0.00992063 0.00972222 0.00942761]\n"," [0.25       0.9        0.00833333 0.01285714 0.015      0.01587302\n","  0.01607143 0.01590909 0.01555556]\n"," [0.2        0.8        0.00952381 0.015      0.01777778 0.01904762\n","  0.01948052 0.01944444 0.0191453 ]\n"," [0.16666667 0.71428571 0.00992063 0.01587302 0.01904762 0.02061431\n","  0.0212585  0.02136752 0.02116402]\n"," [0.14285714 0.64285714 0.00992063 0.01607143 0.01948052 0.0212585\n","  0.02207614 0.02232143 0.02222222]\n"," [0.125      0.58333333 0.00972222 0.01590909 0.01944444 0.02136752\n","  0.02232143 0.02268519 0.02268519]\n"," [0.11111111 0.53333333 0.00942761 0.01555556 0.0191453  0.02116402\n","  0.02222222 0.02268519 0.02277415]]\n","\n","After 3 iteration\n","\n","[[1.00000000e+00 5.00000000e-01 3.33333333e-01 2.50000000e-01\n","  2.00000000e-01 1.66666667e-01 1.42857143e-01 1.25000000e-01\n","  1.11111111e-01]\n"," [5.00000000e-01 8.33333333e-02 8.33333333e-02 7.50000000e-02\n","  6.66666667e-02 5.95238095e-02 5.35714286e-02 4.86111111e-02\n","  4.44444444e-02]\n"," [3.33333333e-01 1.00000000e+00 5.55555556e-03 8.33333333e-03\n","  9.52380952e-03 9.92063492e-03 9.92063492e-03 9.72222222e-03\n","  9.42760943e-03]\n"," [2.50000000e-01 9.00000000e-01 1.50000000e+00 3.57142857e-04\n","  7.14285714e-04 9.92063492e-04 1.19047619e-03 1.32575758e-03\n","  1.41414141e-03]\n"," [2.00000000e-01 8.00000000e-01 1.71428571e+00 7.14285714e-04\n","  1.45124717e-03 2.04081633e-03 2.47371676e-03 2.77777778e-03\n","  2.98368298e-03]\n"," [1.66666667e-01 7.14285714e-01 1.78571429e+00 9.92063492e-04\n","  2.04081633e-03 2.89888683e-03 3.54308390e-03 4.00641026e-03\n","  4.32900433e-03]\n"," [1.42857143e-01 6.42857143e-01 1.78571429e+00 1.19047619e-03\n","  2.47371676e-03 3.54308390e-03 4.36071865e-03 4.96031746e-03\n","  5.38720539e-03]\n"," [1.25000000e-01 5.83333333e-01 1.75000000e+00 1.32575758e-03\n","  2.77777778e-03 4.00641026e-03 4.96031746e-03 5.67129630e-03\n","  6.18686869e-03]\n"," [1.11111111e-01 5.33333333e-01 1.69696970e+00 1.41414141e-03\n","  2.98368298e-03 4.32900433e-03 5.38720539e-03 6.18686869e-03\n","  6.77577918e-03]]\n","\n","After 4 iteration\n","\n","[[1.00000000e+00 5.00000000e-01 3.33333333e-01 2.50000000e-01\n","  2.00000000e-01 1.66666667e-01 1.42857143e-01 1.25000000e-01\n","  1.11111111e-01]\n"," [5.00000000e-01 8.33333333e-02 8.33333333e-02 7.50000000e-02\n","  6.66666667e-02 5.95238095e-02 5.35714286e-02 4.86111111e-02\n","  4.44444444e-02]\n"," [3.33333333e-01 1.00000000e+00 5.55555556e-03 8.33333333e-03\n","  9.52380952e-03 9.92063492e-03 9.92063492e-03 9.72222222e-03\n","  9.42760943e-03]\n"," [2.50000000e-01 9.00000000e-01 1.50000000e+00 3.57142857e-04\n","  7.14285714e-04 9.92063492e-04 1.19047619e-03 1.32575758e-03\n","  1.41414141e-03]\n"," [2.00000000e-01 8.00000000e-01 1.71428571e+00 2.00000000e+00\n","  2.26757370e-05 5.66893424e-05 9.27643785e-05 1.26262626e-04\n","  1.55400155e-04]\n"," [1.66666667e-01 7.14285714e-01 1.78571429e+00 2.77777778e+00\n","  5.66893424e-05 1.43154905e-04 2.36205593e-04 3.23750324e-04\n","  4.00833734e-04]\n"," [1.42857143e-01 6.42857143e-01 1.78571429e+00 3.33333333e+00\n","  9.27643785e-05 2.36205593e-04 3.92464678e-04 5.41125541e-04\n","  6.73400673e-04]\n"," [1.25000000e-01 5.83333333e-01 1.75000000e+00 3.71212121e+00\n","  1.26262626e-04 3.23750324e-04 5.41125541e-04 7.49923477e-04\n","  9.37404346e-04]\n"," [1.11111111e-01 5.33333333e-01 1.69696970e+00 3.95959596e+00\n","  1.55400155e-04 4.00833734e-04 6.73400673e-04 9.37404346e-04\n","  1.17635055e-03]]\n","\n","After 5 iteration\n","\n","[[1.00000000e+00 5.00000000e-01 3.33333333e-01 2.50000000e-01\n","  2.00000000e-01 1.66666667e-01 1.42857143e-01 1.25000000e-01\n","  1.11111111e-01]\n"," [5.00000000e-01 8.33333333e-02 8.33333333e-02 7.50000000e-02\n","  6.66666667e-02 5.95238095e-02 5.35714286e-02 4.86111111e-02\n","  4.44444444e-02]\n"," [3.33333333e-01 1.00000000e+00 5.55555556e-03 8.33333333e-03\n","  9.52380952e-03 9.92063492e-03 9.92063492e-03 9.72222222e-03\n","  9.42760943e-03]\n"," [2.50000000e-01 9.00000000e-01 1.50000000e+00 3.57142857e-04\n","  7.14285714e-04 9.92063492e-04 1.19047619e-03 1.32575758e-03\n","  1.41414141e-03]\n"," [2.00000000e-01 8.00000000e-01 1.71428571e+00 2.00000000e+00\n","  2.26757370e-05 5.66893424e-05 9.27643785e-05 1.26262626e-04\n","  1.55400155e-04]\n"," [1.66666667e-01 7.14285714e-01 1.78571429e+00 2.77777778e+00\n","  2.50000000e+00 1.43154905e-06 4.29464715e-06 8.09375809e-06\n","  1.23333457e-05]\n"," [1.42857143e-01 6.42857143e-01 1.78571429e+00 3.33333333e+00\n","  4.09090909e+00 4.29464715e-06 1.29740389e-05 2.45966155e-05\n","  3.76727649e-05]\n"," [1.25000000e-01 5.83333333e-01 1.75000000e+00 3.71212121e+00\n","  5.56818182e+00 8.09375809e-06 2.45966155e-05 4.68702173e-05\n","  7.21080267e-05]\n"," [1.11111111e-01 5.33333333e-01 1.69696970e+00 3.95959596e+00\n","  6.85314685e+00 1.23333457e-05 3.76727649e-05 7.21080267e-05\n","  1.11370467e-04]]\n","\n","After 6 iteration\n","\n","[[1.00000000e+00 5.00000000e-01 3.33333333e-01 2.50000000e-01\n","  2.00000000e-01 1.66666667e-01 1.42857143e-01 1.25000000e-01\n","  1.11111111e-01]\n"," [5.00000000e-01 8.33333333e-02 8.33333333e-02 7.50000000e-02\n","  6.66666667e-02 5.95238095e-02 5.35714286e-02 4.86111111e-02\n","  4.44444444e-02]\n"," [3.33333333e-01 1.00000000e+00 5.55555556e-03 8.33333333e-03\n","  9.52380952e-03 9.92063492e-03 9.92063492e-03 9.72222222e-03\n","  9.42760943e-03]\n"," [2.50000000e-01 9.00000000e-01 1.50000000e+00 3.57142857e-04\n","  7.14285714e-04 9.92063492e-04 1.19047619e-03 1.32575758e-03\n","  1.41414141e-03]\n"," [2.00000000e-01 8.00000000e-01 1.71428571e+00 2.00000000e+00\n","  2.26757370e-05 5.66893424e-05 9.27643785e-05 1.26262626e-04\n","  1.55400155e-04]\n"," [1.66666667e-01 7.14285714e-01 1.78571429e+00 2.77777778e+00\n","  2.50000000e+00 1.43154905e-06 4.29464715e-06 8.09375809e-06\n","  1.23333457e-05]\n"," [1.42857143e-01 6.42857143e-01 1.78571429e+00 3.33333333e+00\n","  4.09090909e+00 3.00000000e+00 9.00974923e-08 3.15341224e-07\n","  6.72727944e-07]\n"," [1.25000000e-01 5.83333333e-01 1.75000000e+00 3.71212121e+00\n","  5.56818182e+00 5.65384615e+00 3.15341224e-07 1.10935425e-06\n","  2.37718769e-06]\n"," [1.11111111e-01 5.33333333e-01 1.69696970e+00 3.95959596e+00\n","  6.85314685e+00 8.61538462e+00 6.72727944e-07 2.37718769e-06\n","  5.11394999e-06]]\n","\n","After 7 iteration\n","\n","[[1.00000000e+00 5.00000000e-01 3.33333333e-01 2.50000000e-01\n","  2.00000000e-01 1.66666667e-01 1.42857143e-01 1.25000000e-01\n","  1.11111111e-01]\n"," [5.00000000e-01 8.33333333e-02 8.33333333e-02 7.50000000e-02\n","  6.66666667e-02 5.95238095e-02 5.35714286e-02 4.86111111e-02\n","  4.44444444e-02]\n"," [3.33333333e-01 1.00000000e+00 5.55555556e-03 8.33333333e-03\n","  9.52380952e-03 9.92063492e-03 9.92063492e-03 9.72222222e-03\n","  9.42760943e-03]\n"," [2.50000000e-01 9.00000000e-01 1.50000000e+00 3.57142857e-04\n","  7.14285714e-04 9.92063492e-04 1.19047619e-03 1.32575758e-03\n","  1.41414141e-03]\n"," [2.00000000e-01 8.00000000e-01 1.71428571e+00 2.00000000e+00\n","  2.26757370e-05 5.66893424e-05 9.27643785e-05 1.26262626e-04\n","  1.55400155e-04]\n"," [1.66666667e-01 7.14285714e-01 1.78571429e+00 2.77777778e+00\n","  2.50000000e+00 1.43154905e-06 4.29464715e-06 8.09375809e-06\n","  1.23333457e-05]\n"," [1.42857143e-01 6.42857143e-01 1.78571429e+00 3.33333333e+00\n","  4.09090909e+00 3.00000000e+00 9.00974923e-08 3.15341224e-07\n","  6.72727944e-07]\n"," [1.25000000e-01 5.83333333e-01 1.75000000e+00 3.71212121e+00\n","  5.56818182e+00 5.65384615e+00 3.50000000e+00 5.65997065e-09\n","  2.26398821e-08]\n"," [1.11111111e-01 5.33333333e-01 1.69696970e+00 3.95959596e+00\n","  6.85314685e+00 8.61538462e+00 7.46666668e+00 2.26398821e-08\n","  9.09146631e-08]]\n","\n","After 8 iteration\n","\n","[[1.00000000e+00 5.00000000e-01 3.33333333e-01 2.50000000e-01\n","  2.00000000e-01 1.66666667e-01 1.42857143e-01 1.25000000e-01\n","  1.11111111e-01]\n"," [5.00000000e-01 8.33333333e-02 8.33333333e-02 7.50000000e-02\n","  6.66666667e-02 5.95238095e-02 5.35714286e-02 4.86111111e-02\n","  4.44444444e-02]\n"," [3.33333333e-01 1.00000000e+00 5.55555556e-03 8.33333333e-03\n","  9.52380952e-03 9.92063492e-03 9.92063492e-03 9.72222222e-03\n","  9.42760943e-03]\n"," [2.50000000e-01 9.00000000e-01 1.50000000e+00 3.57142857e-04\n","  7.14285714e-04 9.92063492e-04 1.19047619e-03 1.32575758e-03\n","  1.41414141e-03]\n"," [2.00000000e-01 8.00000000e-01 1.71428571e+00 2.00000000e+00\n","  2.26757370e-05 5.66893424e-05 9.27643785e-05 1.26262626e-04\n","  1.55400155e-04]\n"," [1.66666667e-01 7.14285714e-01 1.78571429e+00 2.77777778e+00\n","  2.50000000e+00 1.43154905e-06 4.29464715e-06 8.09375809e-06\n","  1.23333457e-05]\n"," [1.42857143e-01 6.42857143e-01 1.78571429e+00 3.33333333e+00\n","  4.09090909e+00 3.00000000e+00 9.00974923e-08 3.15341224e-07\n","  6.72727944e-07]\n"," [1.25000000e-01 5.83333333e-01 1.75000000e+00 3.71212121e+00\n","  5.56818182e+00 5.65384615e+00 3.50000000e+00 5.65997065e-09\n","  2.26398821e-08]\n"," [1.11111111e-01 5.33333333e-01 1.69696970e+00 3.95959596e+00\n","  6.85314685e+00 8.61538462e+00 7.46666668e+00 3.99999991e+00\n","  3.55136713e-10]]\n","\n","\n","Forward substitution to determine the d, such that Ld = b\n","\n","The intermediate response matrix d is:\n","[[2.82896825e+00]\n"," [5.14484127e-01]\n"," [6.24037999e-02]\n"," [5.99386724e-03]\n"," [4.53792240e-04]\n"," [2.61533000e-05]\n"," [1.07816666e-06]\n"," [2.82998535e-08]\n"," [3.55135822e-10]]\n","\n","\n","Backward substitution to determine the x, such that Ux = d\n","\n","The final response matrix x is:\n","[[1.        ]\n"," [1.00000002]\n"," [0.99999972]\n"," [1.00000197]\n"," [0.99999278]\n"," [1.00001471]\n"," [0.99998313]\n"," [1.00001017]\n"," [0.99999749]]\n","\n","\n"]}],"source":["# hilbert_matrix_solver function call with input = 9 as my roll number is 230390\n","print_status = 1\n","x= hilbert_matrix_solver(9,print_status)"]},{"cell_type":"code","execution_count":145,"metadata":{"id":"K-nBP00fygmr","executionInfo":{"status":"ok","timestamp":1727963850155,"user_tz":-330,"elapsed":24,"user":{"displayName":"Dnyanesh Shinde","userId":"08078648546327716757"}}},"outputs":[],"source":["# subpart b\n","\n","# we define a function to check significant digits in the response vector obtained from the hilbert_matrix_solver function\n","\n","# significant digit checker\n","\n","def significant_digit_checker(n,a,b):\n","\n","  # input:\n","  # n = number of siginificant digits to check\n","\n","  # output:\n","  # result = whether b is within n significant digits of a, 1 if yes, else 0\n","\n","  l = len(a)\n","  tol = pow(10,1-n)\n","  for i in range(l):\n","    if(abs(a[i][0] - b[i][0]) >= tol):\n","      return False\n","\n","  return True\n"]},{"cell_type":"code","execution_count":146,"metadata":{"id":"iOTx_1L-SGuA","executionInfo":{"status":"ok","timestamp":1727963850155,"user_tz":-330,"elapsed":24,"user":{"displayName":"Dnyanesh Shinde","userId":"08078648546327716757"}}},"outputs":[],"source":["# now we call this function for n=2 to n=10,\n","ans = []\n","X = []\n","for i in range(2,11):\n","  a = np.ones((i,1))\n","  x = hilbert_matrix_solver(i,0)\n","  X.append(x)\n","  ans.append(significant_digit_checker(6,a,x))\n"]},{"cell_type":"code","execution_count":147,"metadata":{"id":"8eYoQu7jUMxy","colab":{"base_uri":"https://localhost:8080/"},"executionInfo":{"status":"ok","timestamp":1727963850155,"user_tz":-330,"elapsed":23,"user":{"displayName":"Dnyanesh Shinde","userId":"08078648546327716757"}},"outputId":"13485774-8b05-4992-9d1e-12c477059516"},"outputs":[{"output_type":"stream","name":"stdout","text":["does the answer match [1,1,...]T upto 6 significant digits for n = 2? : True\n","does the answer match [1,1,...]T upto 6 significant digits for n = 3? : True\n","does the answer match [1,1,...]T upto 6 significant digits for n = 4? : True\n","does the answer match [1,1,...]T upto 6 significant digits for n = 5? : True\n","does the answer match [1,1,...]T upto 6 significant digits for n = 6? : True\n","does the answer match [1,1,...]T upto 6 significant digits for n = 7? : True\n","does the answer match [1,1,...]T upto 6 significant digits for n = 8? : True\n","does the answer match [1,1,...]T upto 6 significant digits for n = 9? : False\n","does the answer match [1,1,...]T upto 6 significant digits for n = 10? : False\n"]}],"source":["# subpart b continued\n","for i in range(len(ans)):\n","  print(f'does the answer match [1,1,...]T upto 6 significant digits for n = {i+2}? : {ans[i]}')"]},{"cell_type":"code","execution_count":148,"metadata":{"id":"SnAoa21jiXiB","colab":{"base_uri":"https://localhost:8080/"},"executionInfo":{"status":"ok","timestamp":1727963850155,"user_tz":-330,"elapsed":20,"user":{"displayName":"Dnyanesh Shinde","userId":"08078648546327716757"}},"outputId":"747112d1-d763-4319-8f00-77497c7ca3b9"},"outputs":[{"output_type":"stream","name":"stdout","text":["Response vector for n = 8\n","\n","[[1.        ]\n"," [1.        ]\n"," [0.99999998]\n"," [1.00000013]\n"," [0.99999966]\n"," [1.00000049]\n"," [0.99999965]\n"," [1.0000001 ]]\n","\n","Response vector for n = 9\n","\n","[[1.        ]\n"," [1.00000002]\n"," [0.99999972]\n"," [1.00000197]\n"," [0.99999278]\n"," [1.00001471]\n"," [0.99998313]\n"," [1.00001017]\n"," [0.99999749]]\n"]}],"source":["# we can verify the above result,\n","# NOTE: the X vector starts indexing from 0 but the first element corresponds to hilbert matrix of order 2\n","\n","print(f\"Response vector for n = 8\\n\")\n","print(X[8-2])\n","print(f\"\\nResponse vector for n = 9\\n\")\n","print(X[9-2])"]},{"cell_type":"markdown","metadata":{"id":"Dv0a123hSIhc"},"source":["*From the above it is clear that the largest n for which the answer generated by the hilbert_matrix_solver function is within 6 significant digits of the exact answer is n=8*"]},{"cell_type":"code","execution_count":149,"metadata":{"id":"DksMTwNRSGCF","executionInfo":{"status":"ok","timestamp":1727963850156,"user_tz":-330,"elapsed":20,"user":{"displayName":"Dnyanesh Shinde","userId":"08078648546327716757"}}},"outputs":[],"source":[" # subpart c\n","\n"," # we define a function which returns the inverse of the hilbert matrix given its order and pass n=8 as the argument\n","\n","def hilbert_inv(n,print_status,i):\n","\n","  # input:\n","  # n = order of hilbert matrix\n","  # print_status = argument to decide, whether to print the intermediate steps of solving\n","  # i = to specify the ith unit vector\n","\n","  # output:\n","  # x = response vector, for the equation, Ax = b, where bᵢ = Σ(from j= 1 to n)aᵢⱼ\n","\n","  a = a_generator(n)\n","\n","  b = np.zeros((n,1))\n","  b[i][0] = 1\n","  if(print_status):\n","    print(f\"The Hilbert Matrix of order {n} is:\\n\\n{a}\\n\")\n","    print(f\"\\nThe Stimulus vector for the equation Ax = b is:\\n{b}\\n\")\n","\n","  # elimination step\n","  if(print_status):\n","    print(f\"Elimination Step...\")\n","  for i in range(n-1):\n","    for j in range(i+1,n):\n","      a[j][i] /= a[i][i]\n","\n","    for j in range(i+1,n):\n","      for k in range(i+1,n):\n","        a[j][k] -= a[j][i] * a[i][k]\n","\n","    if(print_status):\n","      print(f\"\\nAfter {i+1} iteration\\n\")\n","      print(a)\n","\n","  # forward substitution step\n","  if(print_status):\n","    print(f\"\\n\\nForward substitution to determine the d, such that Ld = b\\n\")\n","  d = []\n","  d.append(b[0][0])\n","  for i in range(1,n):\n","    sum = b[i][0]\n","    for j in range(i):\n","      sum -= a[i][j]*d[j]\n","    d.append(sum)\n","\n","  d = np.array(d).reshape((n,1))\n","  if(print_status):\n","    print(f\"The intermediate response matrix d is:\\n{d}\")\n","\n","  # backward substitution step\n","  if(print_status):\n","    print(f\"\\n\\nBackward substitution to determine the x, such that Ux = d\\n\")\n","  x = []\n","  x.append(d[n-1][0]/a[n-1][n-1])\n","  for i in range(1,n):\n","    sum = d[n-1-i][0]\n","    for j in range(i):\n","      sum -= a[n-1-i][n-1-j] * x[j]\n","    x.append(sum/a[n-1-i][n-1-i])\n","\n","  # reverse the list x as we found th xi in the order from n, n-1, n-2...\n","  x.reverse()\n","  x = np.array(x).reshape((n,1))\n","  if(print_status):\n","    print(f\"The final response matrix x is:\\n{x}\\n\\n\")\n","\n","  return x\n"]},{"cell_type":"code","execution_count":150,"metadata":{"id":"kusqbHI9F-t1","executionInfo":{"status":"ok","timestamp":1727963850156,"user_tz":-330,"elapsed":19,"user":{"displayName":"Dnyanesh Shinde","userId":"08078648546327716757"}}},"outputs":[],"source":["# the complete hilbert inverse function which takes order of hilbert matrix as input ad returns the inverse of the matrix leveraging LU decomposition\n","# by Doolittle's Algortihm\n","\n","def hilbert_inverse(n):\n","\n","  # input:\n","  # n = order of hilbert matrix\n","\n","  # output:\n","  # the inverse of the hilbert matrix of order n\n","\n","  vector_array = []\n","  print_status = 1\n","  for i in range(n):\n","    vector_array.append(hilbert_inv(n,print_status,i))\n","\n","  inverse = vector_array[0]\n","  for i in range(1,n):\n","    inverse = np.concatenate((inverse, vector_array[i]), axis = 1)\n","\n","  return inverse"]},{"cell_type":"code","execution_count":151,"metadata":{"collapsed":true,"id":"gwK2TMGZWjzD","colab":{"base_uri":"https://localhost:8080/"},"executionInfo":{"status":"ok","timestamp":1727963850156,"user_tz":-330,"elapsed":19,"user":{"displayName":"Dnyanesh Shinde","userId":"08078648546327716757"}},"outputId":"c485ea1e-a2a9-4c89-e36a-a12a16781798"},"outputs":[{"output_type":"stream","name":"stdout","text":["The Hilbert Matrix of order 8 is:\n","\n","[[1.         0.5        0.33333333 0.25       0.2        0.16666667\n","  0.14285714 0.125     ]\n"," [0.5        0.33333333 0.25       0.2        0.16666667 0.14285714\n","  0.125      0.11111111]\n"," [0.33333333 0.25       0.2        0.16666667 0.14285714 0.125\n","  0.11111111 0.1       ]\n"," [0.25       0.2        0.16666667 0.14285714 0.125      0.11111111\n","  0.1        0.09090909]\n"," [0.2        0.16666667 0.14285714 0.125      0.11111111 0.1\n","  0.09090909 0.08333333]\n"," [0.16666667 0.14285714 0.125      0.11111111 0.1        0.09090909\n","  0.08333333 0.07692308]\n"," [0.14285714 0.125      0.11111111 0.1        0.09090909 0.08333333\n","  0.07692308 0.07142857]\n"," [0.125      0.11111111 0.1        0.09090909 0.08333333 0.07692308\n","  0.07142857 0.06666667]]\n","\n","\n","The Stimulus vector for the equation Ax = b is:\n","[[1.]\n"," [0.]\n"," [0.]\n"," [0.]\n"," [0.]\n"," [0.]\n"," [0.]\n"," [0.]]\n","\n","Elimination Step...\n","\n","After 1 iteration\n","\n","[[1.         0.5        0.33333333 0.25       0.2        0.16666667\n","  0.14285714 0.125     ]\n"," [0.5        0.08333333 0.08333333 0.075      0.06666667 0.05952381\n","  0.05357143 0.04861111]\n"," [0.33333333 0.08333333 0.08888889 0.08333333 0.07619048 0.06944444\n","  0.06349206 0.05833333]\n"," [0.25       0.075      0.08333333 0.08035714 0.075      0.06944444\n","  0.06428571 0.05965909]\n"," [0.2        0.06666667 0.07619048 0.075      0.07111111 0.06666667\n","  0.06233766 0.05833333]\n"," [0.16666667 0.05952381 0.06944444 0.06944444 0.06666667 0.06313131\n","  0.05952381 0.05608974]\n"," [0.14285714 0.05357143 0.06349206 0.06428571 0.06233766 0.05952381\n","  0.05651491 0.05357143]\n"," [0.125      0.04861111 0.05833333 0.05965909 0.05833333 0.05608974\n","  0.05357143 0.05104167]]\n","\n","After 2 iteration\n","\n","[[1.         0.5        0.33333333 0.25       0.2        0.16666667\n","  0.14285714 0.125     ]\n"," [0.5        0.08333333 0.08333333 0.075      0.06666667 0.05952381\n","  0.05357143 0.04861111]\n"," [0.33333333 1.         0.00555556 0.00833333 0.00952381 0.00992063\n","  0.00992063 0.00972222]\n"," [0.25       0.9        0.00833333 0.01285714 0.015      0.01587302\n","  0.01607143 0.01590909]\n"," [0.2        0.8        0.00952381 0.015      0.01777778 0.01904762\n","  0.01948052 0.01944444]\n"," [0.16666667 0.71428571 0.00992063 0.01587302 0.01904762 0.02061431\n","  0.0212585  0.02136752]\n"," [0.14285714 0.64285714 0.00992063 0.01607143 0.01948052 0.0212585\n","  0.02207614 0.02232143]\n"," [0.125      0.58333333 0.00972222 0.01590909 0.01944444 0.02136752\n","  0.02232143 0.02268519]]\n","\n","After 3 iteration\n","\n","[[1.00000000e+00 5.00000000e-01 3.33333333e-01 2.50000000e-01\n","  2.00000000e-01 1.66666667e-01 1.42857143e-01 1.25000000e-01]\n"," [5.00000000e-01 8.33333333e-02 8.33333333e-02 7.50000000e-02\n","  6.66666667e-02 5.95238095e-02 5.35714286e-02 4.86111111e-02]\n"," [3.33333333e-01 1.00000000e+00 5.55555556e-03 8.33333333e-03\n","  9.52380952e-03 9.92063492e-03 9.92063492e-03 9.72222222e-03]\n"," [2.50000000e-01 9.00000000e-01 1.50000000e+00 3.57142857e-04\n","  7.14285714e-04 9.92063492e-04 1.19047619e-03 1.32575758e-03]\n"," [2.00000000e-01 8.00000000e-01 1.71428571e+00 7.14285714e-04\n","  1.45124717e-03 2.04081633e-03 2.47371676e-03 2.77777778e-03]\n"," [1.66666667e-01 7.14285714e-01 1.78571429e+00 9.92063492e-04\n","  2.04081633e-03 2.89888683e-03 3.54308390e-03 4.00641026e-03]\n"," [1.42857143e-01 6.42857143e-01 1.78571429e+00 1.19047619e-03\n","  2.47371676e-03 3.54308390e-03 4.36071865e-03 4.96031746e-03]\n"," [1.25000000e-01 5.83333333e-01 1.75000000e+00 1.32575758e-03\n","  2.77777778e-03 4.00641026e-03 4.96031746e-03 5.67129630e-03]]\n","\n","After 4 iteration\n","\n","[[1.00000000e+00 5.00000000e-01 3.33333333e-01 2.50000000e-01\n","  2.00000000e-01 1.66666667e-01 1.42857143e-01 1.25000000e-01]\n"," [5.00000000e-01 8.33333333e-02 8.33333333e-02 7.50000000e-02\n","  6.66666667e-02 5.95238095e-02 5.35714286e-02 4.86111111e-02]\n"," [3.33333333e-01 1.00000000e+00 5.55555556e-03 8.33333333e-03\n","  9.52380952e-03 9.92063492e-03 9.92063492e-03 9.72222222e-03]\n"," [2.50000000e-01 9.00000000e-01 1.50000000e+00 3.57142857e-04\n","  7.14285714e-04 9.92063492e-04 1.19047619e-03 1.32575758e-03]\n"," [2.00000000e-01 8.00000000e-01 1.71428571e+00 2.00000000e+00\n","  2.26757370e-05 5.66893424e-05 9.27643785e-05 1.26262626e-04]\n"," [1.66666667e-01 7.14285714e-01 1.78571429e+00 2.77777778e+00\n","  5.66893424e-05 1.43154905e-04 2.36205593e-04 3.23750324e-04]\n"," [1.42857143e-01 6.42857143e-01 1.78571429e+00 3.33333333e+00\n","  9.27643785e-05 2.36205593e-04 3.92464678e-04 5.41125541e-04]\n"," [1.25000000e-01 5.83333333e-01 1.75000000e+00 3.71212121e+00\n","  1.26262626e-04 3.23750324e-04 5.41125541e-04 7.49923477e-04]]\n","\n","After 5 iteration\n","\n","[[1.00000000e+00 5.00000000e-01 3.33333333e-01 2.50000000e-01\n","  2.00000000e-01 1.66666667e-01 1.42857143e-01 1.25000000e-01]\n"," [5.00000000e-01 8.33333333e-02 8.33333333e-02 7.50000000e-02\n","  6.66666667e-02 5.95238095e-02 5.35714286e-02 4.86111111e-02]\n"," [3.33333333e-01 1.00000000e+00 5.55555556e-03 8.33333333e-03\n","  9.52380952e-03 9.92063492e-03 9.92063492e-03 9.72222222e-03]\n"," [2.50000000e-01 9.00000000e-01 1.50000000e+00 3.57142857e-04\n","  7.14285714e-04 9.92063492e-04 1.19047619e-03 1.32575758e-03]\n"," [2.00000000e-01 8.00000000e-01 1.71428571e+00 2.00000000e+00\n","  2.26757370e-05 5.66893424e-05 9.27643785e-05 1.26262626e-04]\n"," [1.66666667e-01 7.14285714e-01 1.78571429e+00 2.77777778e+00\n","  2.50000000e+00 1.43154905e-06 4.29464715e-06 8.09375809e-06]\n"," [1.42857143e-01 6.42857143e-01 1.78571429e+00 3.33333333e+00\n","  4.09090909e+00 4.29464715e-06 1.29740389e-05 2.45966155e-05]\n"," [1.25000000e-01 5.83333333e-01 1.75000000e+00 3.71212121e+00\n","  5.56818182e+00 8.09375809e-06 2.45966155e-05 4.68702173e-05]]\n","\n","After 6 iteration\n","\n","[[1.00000000e+00 5.00000000e-01 3.33333333e-01 2.50000000e-01\n","  2.00000000e-01 1.66666667e-01 1.42857143e-01 1.25000000e-01]\n"," [5.00000000e-01 8.33333333e-02 8.33333333e-02 7.50000000e-02\n","  6.66666667e-02 5.95238095e-02 5.35714286e-02 4.86111111e-02]\n"," [3.33333333e-01 1.00000000e+00 5.55555556e-03 8.33333333e-03\n","  9.52380952e-03 9.92063492e-03 9.92063492e-03 9.72222222e-03]\n"," [2.50000000e-01 9.00000000e-01 1.50000000e+00 3.57142857e-04\n","  7.14285714e-04 9.92063492e-04 1.19047619e-03 1.32575758e-03]\n"," [2.00000000e-01 8.00000000e-01 1.71428571e+00 2.00000000e+00\n","  2.26757370e-05 5.66893424e-05 9.27643785e-05 1.26262626e-04]\n"," [1.66666667e-01 7.14285714e-01 1.78571429e+00 2.77777778e+00\n","  2.50000000e+00 1.43154905e-06 4.29464715e-06 8.09375809e-06]\n"," [1.42857143e-01 6.42857143e-01 1.78571429e+00 3.33333333e+00\n","  4.09090909e+00 3.00000000e+00 9.00974923e-08 3.15341224e-07]\n"," [1.25000000e-01 5.83333333e-01 1.75000000e+00 3.71212121e+00\n","  5.56818182e+00 5.65384615e+00 3.15341224e-07 1.10935425e-06]]\n","\n","After 7 iteration\n","\n","[[1.00000000e+00 5.00000000e-01 3.33333333e-01 2.50000000e-01\n","  2.00000000e-01 1.66666667e-01 1.42857143e-01 1.25000000e-01]\n"," [5.00000000e-01 8.33333333e-02 8.33333333e-02 7.50000000e-02\n","  6.66666667e-02 5.95238095e-02 5.35714286e-02 4.86111111e-02]\n"," [3.33333333e-01 1.00000000e+00 5.55555556e-03 8.33333333e-03\n","  9.52380952e-03 9.92063492e-03 9.92063492e-03 9.72222222e-03]\n"," [2.50000000e-01 9.00000000e-01 1.50000000e+00 3.57142857e-04\n","  7.14285714e-04 9.92063492e-04 1.19047619e-03 1.32575758e-03]\n"," [2.00000000e-01 8.00000000e-01 1.71428571e+00 2.00000000e+00\n","  2.26757370e-05 5.66893424e-05 9.27643785e-05 1.26262626e-04]\n"," [1.66666667e-01 7.14285714e-01 1.78571429e+00 2.77777778e+00\n","  2.50000000e+00 1.43154905e-06 4.29464715e-06 8.09375809e-06]\n"," [1.42857143e-01 6.42857143e-01 1.78571429e+00 3.33333333e+00\n","  4.09090909e+00 3.00000000e+00 9.00974923e-08 3.15341224e-07]\n"," [1.25000000e-01 5.83333333e-01 1.75000000e+00 3.71212121e+00\n","  5.56818182